high_lsa_high_freq: 
4
18
20
24
25
29
43
44
46
50
52
54
55
61
62
64
66
67
70
72
86
87
88
95
99
100
111
112
116
118
124
127
131
132
137
140
141
148
155
156
high_lsa_low_freq:
1
3
5
8
9
12
13
19
21
26
28
33
36
40
41
48
51
63
65
69
83
90
91
93
97
101
102
104
107
110
117
119
125
136
143
144
146
152
153
159
low_lsa_high_freq:
2
7
10
16
23
30
31
34
35
37
39
42
45
57
58
68
74
75
76
77
78
80
81
82
84
85
89
103
106
114
115
122
129
130
133
135
139
145
154
157
low_lsa_low_freq:
6
11
14
15
17
22
27
32
38
47
49
53
56
59
60
71
73
79
92
94
96
98
105
108
109
113
120
121
123
126
128
134
138
142
147
149
150
151
158
160
